\datatype=fitshdr
| cntr|  ctype1|  ctype2|naxis1|naxis2|    crval1|    crval2|    crpix1|    crpix2|     cdelt1|     cdelt2|  crota2|equinox|                                  file|
|  int|    char|    char|   int|   int|    double|    double|    double|    double|     double|     double|  double|    int|                                  char|
     1 RA---TAN DEC--TAN    513   1025  83.818660  -5.389680    1588.50     795.50 -0.00027800  0.00027800  0.00000    2000 c2mass-atlas-001124n-j0900032.fits
     2 RA---TAN DEC--TAN    513   1025  83.818660  -5.389680    1157.50    -948.50 -0.00027800  0.00027800  0.00000    2000 c2mass-atlas-001124n-j0890220.fits
     3 RA---TAN DEC--TAN    513   1025  83.818660  -5.389680     726.50    -178.50 -0.00027800  0.00027800  0.00000    2000 c2mass-atlas-001124n-j0880044.fits
     4 RA---TAN DEC--TAN    513   1025  83.818660  -5.389680    2007.50     478.50 -0.00027800  0.00027800  0.00000    2000 c2mass-atlas-000206s-j0140245.fits
     5 RA---TAN DEC--TAN    514   1026  83.818660  -5.389680    2008.50    -490.50 -0.00027800  0.00027800  0.00000    2000 c2mass-atlas-000206s-j0140233.fits
     6 RA---TAN DEC--TAN    513   1025  83.818660  -5.389680    1588.50    -173.50 -0.00027800  0.00027800  0.00000    2000 c2mass-atlas-001124n-j0900044.fits
     7 RA---TAN DEC--TAN    513   1025  83.818660  -5.389680    1157.50      21.50 -0.00027800  0.00027800  0.00000    2000 c2mass-atlas-001124n-j0890232.fits
     8 RA---TAN DEC--TAN    513   1025  83.818660  -5.389680     298.50    -948.50 -0.00027800  0.00027800  0.00000    2000 c2mass-atlas-001124n-j0870220.fits
     9 RA---TAN DEC--TAN    513   1026  83.818660  -5.389680     726.50   -1147.50 -0.00027800  0.00027800  0.00000    2000 c2mass-atlas-001124n-j0880056.fits
    10 RA---TAN DEC--TAN    513   1025  83.818660  -5.389680    1588.50   -1142.50 -0.00027800  0.00027800  0.00000    2000 c2mass-atlas-001124n-j0900056.fits
    11 RA---TAN DEC--TAN    513   1026  83.818660  -5.389680    -131.50   -1146.50 -0.00027800  0.00027800  0.00000    2000 c2mass-atlas-001124n-j0860056.fits
    12 RA---TAN DEC--TAN    513   1025  83.818660  -5.389680     726.50     790.50 -0.00027800  0.00027800  0.00000    2000 c2mass-atlas-001124n-j0880032.fits
    13 RA---TAN DEC--TAN    513   1025  83.818660  -5.389680     298.50     989.50 -0.00027800  0.00027800  0.00000    2000 c2mass-atlas-001124n-j0870244.fits
    14 RA---TAN DEC--TAN    513   1025  83.818660  -5.389680     298.50      20.50 -0.00027800  0.00027800  0.00000    2000 c2mass-atlas-001124n-j0870232.fits
    15 RA---TAN DEC--TAN    514   1025  83.818660  -5.389680    -130.50    -177.50 -0.00027800  0.00027800  0.00000    2000 c2mass-atlas-001124n-j0860044.fits
    16 RA---TAN DEC--TAN    513   1025  83.818660  -5.389680    -130.50     791.50 -0.00027800  0.00027800  0.00000    2000 c2mass-atlas-001124n-j0860032.fits
    17 RA---TAN DEC--TAN    514   1025  83.818660  -5.389680    2007.50    1447.50 -0.00027800  0.00027800  0.00000    2000 c2mass-atlas-000206s-j0140257.fits
    18 RA---TAN DEC--TAN    513   1025  83.818660  -5.389680    1157.50     990.50 -0.00027800  0.00027800  0.00000    2000 c2mass-atlas-001124n-j0890244.fits
    19 RA---TAN DEC--TAN    514   1026  83.818660  -5.389680    -989.50   -1145.50 -0.00027800  0.00027800  0.00000    2000 c2mass-atlas-001124n-j0840056.fits
    20 RA---TAN DEC--TAN    514   1025  83.818660  -5.389680   -1423.50    1252.50 -0.00027800  0.00027800  0.00000    2000 c2mass-atlas-981017s-j1150021.fits
    21 RA---TAN DEC--TAN    514   1025  83.818660  -5.389680    -988.50    -176.50 -0.00027800  0.00027800  0.00000    2000 c2mass-atlas-001124n-j0840044.fits
    22 RA---TAN DEC--TAN    513   1025  83.818660  -5.389680    -557.50      21.50 -0.00027800  0.00027800  0.00000    2000 c2mass-atlas-001124n-j0850232.fits
    23 RA---TAN DEC--TAN    514   1025  83.818660  -5.389680    -556.50     990.50 -0.00027800  0.00027800  0.00000    2000 c2mass-atlas-001124n-j0850244.fits
    24 RA---TAN DEC--TAN    514   1026  83.818660  -5.389680    -557.50    -947.50 -0.00027800  0.00027800  0.00000    2000 c2mass-atlas-001124n-j0850220.fits
    25 RA---TAN DEC--TAN    514   1026  83.818660  -5.389680   -1424.50    -685.50 -0.00027800  0.00027800  0.00000    2000 c2mass-atlas-981017s-j1150044.fits
    26 RA---TAN DEC--TAN    514   1025  83.818660  -5.389680   -1424.50     283.50 -0.00027800  0.00027800  0.00000    2000 c2mass-atlas-981017s-j1150033.fits
    27 RA---TAN DEC--TAN    513   1025  83.818660  -5.389680    -988.50     792.50 -0.00027800  0.00027800  0.00000    2000 c2mass-atlas-001124n-j0840032.fits
    28 RA---TAN DEC--TAN    513   1025  83.818660  -5.389680     726.50    1759.50 -0.00027800  0.00027800  0.00000    2000 c2mass-atlas-001124n-j0880021.fits
    29 RA---TAN DEC--TAN    513   1025  83.818660  -5.389680     298.50    1958.50 -0.00027800  0.00027800  0.00000    2000 c2mass-atlas-001124n-j0870256.fits
    30 RA---TAN DEC--TAN    513   1025  83.818660  -5.389680    -130.50    1760.50 -0.00027800  0.00027800  0.00000    2000 c2mass-atlas-001124n-j0860021.fits
    31 RA---TAN DEC--TAN    513   1025  83.818660  -5.389680    1157.50    1959.50 -0.00027800  0.00027800  0.00000    2000 c2mass-atlas-001124n-j0890256.fits
    32 RA---TAN DEC--TAN    513   1025  83.818660  -5.389680    1588.50    1765.50 -0.00027800  0.00027800  0.00000    2000 c2mass-atlas-001124n-j0900021.fits
    33 RA---TAN DEC--TAN    514   1025  83.818660  -5.389680    -987.50    1761.50 -0.00027800  0.00027800  0.00000    2000 c2mass-atlas-001124n-j0840021.fits
    34 RA---TAN DEC--TAN    513   1026  83.818660  -5.389680   -1423.50    2222.50 -0.00027800  0.00027800  0.00000    2000 c2mass-atlas-981017s-j1150009.fits
    35 RA---TAN DEC--TAN    514   1025  83.818660  -5.389680    -556.50    1959.50 -0.00027800  0.00027800  0.00000    2000 c2mass-atlas-001124n-j0850256.fits
